7,14,14,14,14,14,14,14,14,14,14,14,14,14,14,14,14,14,14,14,14,14,14,14,14,14,14,14,14,14,14,14,14,14,14,14,14,14,14,14,14,14,14,14,14,14,14,14,14,14,14,14,14,14,14,14,14,14,14,14,14,14,14,14,14,14,14,14,14,14,14,14,14,14,14,14,14,14,14,14,14,14,14,14,14,14,14,14,14,14,14,7
7,14,14,14,14,14,14,14,14,14,14,14,14,14,14,14,14,14,14,14,14,14,14,14,14,14,14,14,14,14,14,14,14,14,14,14,14,14,14,14,15,15,15,15,15,15,15,15,15,15,15,15,15,15,15,15,15,15,14,14,14,14,14,14,14,14,14,14,15,15,15,15,15,15,15,15,14,14,14,14,14,14,14,14,14,14,14,14,14,14,14,7
7,14,14,14,14,14,14,14,14,14,14,14,14,14,14,14,14,14,14,14,14,14,14,14,14,14,14,14,14,14,14,14,14,14,14,14,14,14,14,15,-1,-1,-1,-1,-1,-1,-1,-1,-1,-1,-1,-1,-1,-1,-1,-1,-1,-1,14,14,14,14,14,14,14,14,14,15,-1,-1,-1,-1,-1,-1,-1,-1,14,14,14,14,14,14,14,14,14,14,14,14,14,14,14,7
7,14,14,14,14,14,14,14,14,14,14,14,14,14,14,14,14,14,14,14,14,14,14,14,14,14,14,14,14,14,14,14,14,14,14,14,14,14,15,-1,-1,-1,-1,-1,-1,-1,-1,-1,-1,-1,-1,-1,-1,-1,-1,-1,-1,-1,15,14,14,14,14,14,14,14,15,-1,-1,-1,-1,-1,-1,-1,-1,-1,14,14,14,14,14,14,14,14,14,14,14,14,14,14,14,7
7,14,14,14,14,14,14,14,14,14,14,14,14,14,14,14,14,14,14,14,14,14,14,14,14,14,14,14,14,14,14,14,14,14,14,14,14,15,-1,-1,-1,-1,-1,-1,-1,-1,-1,-1,-1,-1,-1,-1,-1,-1,-1,-1,-1,-1,-1,15,15,15,15,15,15,15,-1,-1,-1,-1,-1,-1,-1,-1,-1,-1,14,14,14,14,14,14,14,14,14,14,14,14,14,14,14,7
7,14,14,14,14,14,14,14,14,14,14,14,14,14,14,14,14,14,14,14,14,14,14,14,14,14,14,14,14,14,14,14,14,14,14,14,14,-1,-1,-1,-1,-1,-1,-1,-1,-1,-1,-1,-1,-1,-1,-1,0,-1,-1,-1,-1,-1,-1,-1,-1,-1,-1,-1,-1,-1,-1,-1,-1,-1,-1,-1,-1,-1,-1,-1,14,14,14,14,14,14,14,14,14,14,14,14,14,14,14,7
7,14,14,14,14,14,14,14,14,14,14,14,14,14,14,14,14,14,14,14,14,14,15,15,15,15,15,15,15,15,15,14,14,14,14,14,15,-1,-1,-1,-1,-1,-1,-1,-1,-1,-1,-1,-1,-1,-1,5,7,6,-1,-1,-1,-1,-1,-1,-1,-1,-1,-1,-1,-1,-1,-1,-1,-1,-1,-1,-1,-1,-1,-1,14,14,14,14,14,14,14,14,14,14,14,14,14,14,14,7
7,14,14,14,14,14,14,14,14,14,14,14,14,14,14,14,14,14,14,14,14,15,-1,-1,-1,-1,-1,-1,-1,-1,-1,15,15,15,15,15,-1,-1,-1,-1,-1,-1,-1,-1,-1,-1,-1,-1,-1,-1,5,7,7,7,6,-1,-1,-1,-1,-1,-1,-1,-1,-1,-1,-1,-1,-1,-1,-1,-1,-1,-1,-1,-1,-1,15,14,14,14,14,14,14,14,14,14,14,14,14,14,14,7
7,14,14,14,14,14,14,14,14,14,14,15,15,15,15,15,15,15,15,15,15,-1,-1,-1,-1,-1,-1,-1,-1,-1,-1,-1,-1,-1,-1,-1,-1,-1,-1,-1,-1,-1,-1,-1,-1,-1,-1,-1,-1,5,7,7,7,7,7,6,-1,-1,-1,-1,-1,-1,-1,-1,-1,-1,-1,-1,-1,-1,-1,-1,-1,-1,-1,-1,-1,15,15,15,14,14,14,14,14,14,14,14,14,15,15,7
7,14,14,14,14,14,14,14,14,14,14,-1,-1,-1,-1,-1,-1,-1,-1,-1,-1,-1,-1,-1,-1,-1,-1,-1,-1,-1,-1,-1,-1,-1,-1,-1,-1,-1,-1,-1,-1,-1,-1,-1,10,-1,-1,-1,5,7,7,7,7,7,7,7,6,-1,-1,-1,-1,8,-1,-1,-1,-1,-1,-1,-1,-1,-1,-1,-1,-1,-1,-1,-1,-1,-1,-1,15,15,15,15,15,15,15,15,15,-1,-1,7
7,14,14,14,14,14,14,14,14,14,14,-1,-1,-1,-1,-1,-1,-1,-1,-1,-1,-1,-1,-1,-1,-1,-1,-1,-1,-1,-1,-1,-1,-1,-1,-1,-1,-1,-1,-1,-1,9,9,5,1,1,6,-1,-1,-1,7,7,7,7,7,7,7,6,5,1,1,1,1,1,1,6,-1,-1,-1,-1,-1,-1,-1,-1,-1,-1,-1,-1,-1,-1,-1,-1,-1,-1,-1,-1,-1,-1,-1,-1,-1,7
7,14,14,14,14,14,14,14,14,14,14,-1,-1,-1,-1,-1,-1,-1,-1,-1,-1,-1,-1,-1,-1,-1,-1,-1,5,9,-1,-1,-1,-1,-1,-1,-1,-1,5,1,1,1,1,7,7,7,4,0,-1,-1,2,2,2,2,2,2,2,-1,3,7,7,7,7,7,7,4,5,1,6,-1,-1,-1,-1,-1,-1,-1,-1,-1,-1,-1,-1,-1,-1,-1,-1,-1,-1,-1,-1,-1,-1,7
7,14,14,14,14,14,14,14,14,14,14,-1,-1,-1,-1,-1,-1,-1,-1,-1,-1,-1,-1,-1,-1,-1,-1,5,7,6,-1,-1,-1,-1,-1,-1,5,1,7,7,7,7,7,7,7,7,4,-1,5,6,-1,-1,-1,-1,-1,-1,-1,-1,3,7,7,7,7,7,7,4,-1,-1,7,6,-1,-1,-1,-1,-1,-1,-1,-1,-1,-1,-1,-1,-1,-1,-1,-1,-1,-1,-1,-1,-1,7
7,14,14,14,14,14,14,14,14,14,15,-1,-1,-1,-1,-1,-1,-1,-1,-1,-1,-1,-1,-1,-1,-1,5,7,7,7,6,-1,-1,-1,5,1,7,7,7,7,7,7,7,7,7,7,4,-1,-1,-1,-1,-1,-1,-1,-1,-1,-1,-1,-1,3,7,7,7,7,7,-1,-1,-1,-1,7,6,-1,-1,-1,-1,-1,-1,-1,-1,-1,-1,-1,-1,-1,-1,-1,-1,-1,-1,-1,-1,7
7,15,15,15,15,15,15,15,15,15,-1,-1,-1,-1,-1,-1,-1,-1,-1,-1,-1,-1,-1,-1,-1,5,7,7,7,7,7,1,6,-1,3,7,7,7,7,7,7,7,7,7,7,7,4,-1,-1,-1,-1,-1,-1,-1,-1,-1,-1,-1,-1,-1,2,2,2,2,-1,-1,-1,-1,-1,-1,7,6,-1,-1,-1,-1,-1,-1,-1,-1,-1,-1,-1,-1,-1,-1,-1,-1,-1,-1,-1,7
7,-1,-1,-1,-1,-1,-1,-1,-1,-1,-1,-1,-1,-1,-1,-1,-1,-1,-1,-1,-1,-1,-1,-1,5,7,7,7,7,7,7,7,7,0,7,7,7,7,7,7,7,7,7,7,7,7,4,-1,-1,-1,-1,-1,-1,-1,-1,-1,-1,-1,-1,0,-1,-1,-1,-1,-1,-1,-1,-1,-1,-1,-1,7,6,-1,-1,-1,-1,-1,-1,-1,-1,-1,-1,-1,-1,-1,-1,-1,-1,-1,-1,7
7,-1,-1,-1,-1,-1,-1,-1,-1,-1,-1,-1,-1,-1,-1,-1,-1,-1,-1,-1,-1,-1,-1,5,7,7,7,7,7,7,7,7,7,7,7,7,7,7,7,7,7,7,7,7,7,7,4,-1,-1,-1,-1,-1,-1,-1,-1,-1,-1,-1,5,7,6,-1,-1,-1,-1,-1,-1,-1,-1,-1,-1,-1,7,6,-1,-1,-1,-1,-1,-1,-1,-1,-1,-1,-1,-1,-1,-1,-1,-1,-1,7
7,-1,-1,-1,-1,-1,-1,-1,-1,-1,-1,-1,-1,-1,-1,-1,-1,-1,-1,-1,-1,-1,-1,3,7,7,7,7,7,7,7,7,7,2,7,7,7,7,7,7,7,7,7,7,7,7,4,-1,-1,-1,-1,-1,-1,-1,-1,-1,-1,-1,3,7,4,-1,-1,-1,-1,-1,-1,-1,-1,-1,-1,-1,-1,7,6,-1,-1,-1,-1,-1,-1,-1,-1,-1,-1,-1,-1,-1,-1,-1,-1,7
7,-1,-1,-1,-1,-1,-1,-1,-1,-1,-1,-1,-1,-1,-1,-1,-1,-1,8,-1,5,6,-1,3,7,7,7,7,7,7,7,7,4,-1,3,7,7,7,7,7,7,7,7,7,7,7,4,-1,-1,-1,-1,-1,-1,-1,-1,-1,-1,-1,3,7,-1,8,5,1,1,1,1,6,-1,-1,-1,-1,-1,-1,-1,-1,-1,-1,-1,-1,-1,-1,-1,-1,-1,-1,-1,-1,-1,-1,-1,7
7,-1,-1,-1,-1,-1,-1,-1,-1,-1,-1,-1,-1,-1,-1,-1,-1,-1,5,1,7,7,0,7,7,7,7,7,7,7,7,7,4,-1,3,7,7,7,7,7,7,7,7,7,7,7,4,-1,-1,-1,-1,-1,-1,-1,-1,-1,-1,-1,3,7,5,1,7,7,7,7,7,7,6,-1,-1,-1,-1,-1,-1,-1,-1,5,6,-1,-1,-1,-1,-1,-1,-1,-1,-1,-1,-1,-1,7
7,-1,-1,-1,-1,-1,-1,-1,-1,-1,-1,-1,-1,-1,-1,5,1,1,7,7,7,7,7,7,7,7,7,7,7,7,7,7,4,-1,3,7,7,7,7,7,7,7,7,7,7,7,4,-1,-1,-1,-1,-1,-1,-1,-1,-1,-1,-1,-1,-1,3,7,7,7,7,7,7,7,4,-1,-1,-1,-1,-1,-1,-1,5,7,-1,-1,-1,-1,-1,-1,-1,-1,-1,-1,-1,-1,-1,7
7,-1,-1,-1,-1,-1,-1,-1,-1,-1,-1,-1,5,1,1,7,7,7,7,7,7,7,15,7,7,7,7,7,7,7,7,7,4,-1,3,7,7,7,7,7,7,7,7,7,7,7,4,-1,-1,-1,-1,-1,-1,-1,-1,-1,-1,-1,-1,-1,3,7,7,7,7,7,7,7,4,-1,-1,-1,-1,-1,-1,5,7,-1,-1,-1,-1,-1,-1,-1,-1,-1,-1,-1,-1,-1,-1,7
7,-1,-1,-1,-1,-1,-1,9,10,9,-1,5,7,7,7,7,7,7,7,7,7,4,-1,3,7,7,7,7,7,7,7,7,4,-1,3,7,7,7,7,7,7,7,7,7,7,7,4,-1,-1,-1,-1,-1,-1,-1,-1,-1,-1,-1,-1,-1,3,7,7,7,7,7,7,7,4,-1,-1,-1,-1,-1,5,7,-1,-1,-1,-1,-1,-1,-1,-1,-1,-1,-1,-1,-1,-1,-1,7
7,5,1,1,1,1,1,1,1,1,1,7,7,7,7,7,7,7,7,7,7,4,-1,3,7,7,7,7,7,7,7,7,4,-1,3,7,7,7,7,7,7,7,7,7,7,7,4,-1,-1,-1,-1,-1,-1,-1,-1,-1,-1,-1,-1,-1,3,7,7,7,7,7,7,7,4,-1,-1,-1,-1,5,7,-1,-1,-1,-1,-1,-1,-1,-1,-1,-1,-1,-1,-1,-1,-1,5,7
7,-1,3,7,7,7,7,7,7,7,7,7,7,7,7,7,7,7,7,7,7,4,-1,3,7,7,7,7,7,7,7,7,4,-1,3,7,7,7,7,7,7,7,7,7,7,7,4,-1,-1,-1,-1,-1,-1,-1,-1,-1,-1,-1,-1,-1,3,7,7,7,7,7,7,7,4,-1,-1,-1,5,7,-1,-1,-1,-1,-1,-1,-1,-1,-1,-1,-1,-1,-1,-1,-1,5,7,7
7,-1,-1,3,7,7,7,7,7,7,7,4,3,7,7,7,7,7,7,7,7,4,-1,3,7,7,7,7,7,7,7,7,4,-1,3,7,7,7,7,7,7,7,7,7,7,7,4,-1,-1,-1,-1,-1,-1,-1,-1,-1,-1,-1,-1,-1,3,7,7,7,7,7,4,-1,-1,-1,-1,5,7,-1,-1,-1,-1,-1,-1,-1,5,1,6,-1,-1,-1,-1,-1,5,7,7,7
7,-1,-1,-1,3,7,7,7,7,7,4,-1,3,7,7,7,7,7,7,7,7,4,-1,3,7,7,7,7,7,7,7,7,4,-1,3,7,7,7,7,7,7,7,7,7,7,7,4,-1,-1,-1,-1,-1,-1,-1,-1,-1,-1,-1,-1,-1,3,7,7,7,7,7,4,-1,-1,-1,5,7,-1,-1,-1,-1,-1,-1,-1,5,7,7,7,6,-1,-1,9,5,7,7,7,7
7,-1,-1,-1,-1,2,2,2,2,2,-1,-1,3,7,7,7,7,7,7,7,7,4,-1,3,7,7,7,7,7,7,7,7,4,-1,3,7,7,7,7,7,7,7,7,7,7,7,4,-1,-1,-1,-1,-1,-1,-1,-1,-1,-1,-1,-1,-1,3,7,7,7,7,7,4,-1,-1,-1,-1,-1,-1,-1,-1,-1,-1,-1,-1,-1,-1,-1,-1,-1,-1,-1,5,7,7,7,7,7
7,-1,-1,-1,-1,-1,-1,-1,-1,-1,-1,-1,3,7,7,7,7,7,7,7,7,4,-1,3,7,7,7,7,7,7,7,7,4,-1,3,7,7,7,7,7,7,7,7,7,7,7,4,-1,-1,-1,-1,-1,-1,-1,-1,-1,-1,-1,-1,-1,3,7,7,7,7,7,4,9,9,-1,-1,-1,-1,-1,-1,-1,-1,-1,-1,-1,-1,-1,-1,-1,-1,5,7,7,7,7,7,7
7,-1,-1,-1,-1,-1,-1,-1,-1,-1,-1,-1,3,7,7,7,7,7,7,7,7,4,-1,3,7,7,7,7,7,7,7,7,4,-1,-1,2,2,2,2,2,2,2,2,2,2,2,-1,-1,-1,-1,-1,-1,-1,-1,-1,-1,-1,-1,-1,-1,3,7,7,7,7,7,7,1,6,-1,-1,-1,5,1,6,-1,-1,-1,-1,-1,-1,-1,-1,-1,5,7,7,7,7,7,7,7
7,-1,-1,-1,-1,-1,-1,-1,-1,-1,-1,-1,-1,2,2,2,2,2,2,2,2,-1,-1,-1,2,2,2,2,2,2,2,2,-1,-1,-1,-1,-1,-1,-1,-1,-1,-1,-1,-1,-1,-1,-1,-1,-1,-1,-1,-1,-1,-1,-1,-1,-1,-1,-1,-1,3,7,7,7,7,7,7,7,7,6,-1,-1,-1,-1,-1,-1,-1,11,-1,-1,-1,-1,-1,-1,3,7,7,7,7,7,7,7
7,-1,-1,-1,-1,-1,-1,-1,-1,-1,-1,-1,-1,-1,-1,-1,-1,-1,-1,-1,-1,-1,-1,-1,-1,-1,-1,-1,-1,-1,-1,-1,-1,-1,-1,-1,-1,-1,-1,-1,-1,-1,-1,-1,-1,-1,-1,-1,-1,-1,-1,-1,-1,-1,-1,-1,-1,-1,-1,-1,3,7,7,7,7,7,7,7,7,7,1,-1,-1,-1,-1,-1,-1,-1,-1,-1,10,-1,-1,5,7,7,7,7,2,2,2,7
7,-1,-1,-1,-1,-1,-1,-1,-1,-1,-1,-1,-1,-1,-1,-1,-1,-1,-1,-1,-1,-1,-1,-1,-1,-1,-1,-1,-1,-1,-1,-1,-1,-1,-1,-1,-1,-1,-1,-1,-1,-1,-1,-1,-1,-1,-1,-1,-1,-1,-1,-1,-1,-1,-1,-1,-1,-1,-1,-1,3,7,7,7,7,7,7,7,7,7,7,1,1,1,1,1,1,1,1,1,1,1,1,7,7,2,2,2,-1,-1,-1,7
7,-1,-1,-1,-1,-1,-1,-1,-1,-1,-1,-1,-1,-1,-1,-1,-1,-1,-1,-1,-1,-1,-1,-1,-1,-1,-1,-1,-1,-1,-1,-1,-1,-1,-1,-1,-1,-1,-1,-1,-1,-1,-1,-1,-1,-1,-1,-1,-1,-1,-1,-1,-1,-1,-1,-1,-1,-1,-1,-1,3,7,7,7,7,7,7,7,7,7,7,14,7,2,2,2,2,2,7,7,7,7,7,7,4,-1,-1,-1,-1,-1,-1,7
7,-1,-1,-1,-1,-1,-1,-1,-1,-1,-1,-1,-1,-1,-1,-1,-1,-1,-1,-1,-1,-1,-1,-1,-1,-1,-1,-1,-1,-1,-1,-1,-1,-1,-1,-1,-1,-1,-1,-1,-1,-1,-1,-1,-1,-1,-1,-1,-1,-1,-1,-1,-1,-1,-1,-1,-1,-1,-1,-1,-1,2,2,2,2,2,2,2,2,2,2,2,2,-1,-1,-1,-1,-1,3,7,7,7,7,4,-1,-1,-1,-1,-1,-1,-1,7
7,-1,-1,-1,-1,-1,-1,-1,-1,-1,-1,-1,-1,-1,-1,-1,-1,-1,-1,-1,-1,-1,-1,-1,-1,-1,-1,-1,-1,-1,-1,-1,-1,-1,-1,-1,-1,-1,-1,-1,-1,-1,-1,-1,-1,-1,-1,-1,-1,-1,-1,-1,-1,-1,-1,-1,-1,-1,-1,-1,-1,-1,-1,-1,-1,-1,-1,-1,-1,-1,-1,-1,-1,-1,-1,-1,-1,-1,-1,3,7,7,4,-1,-1,-1,-1,-1,-1,-1,-1,7
7,-1,-1,-1,-1,-1,-1,-1,-1,-1,-1,-1,-1,-1,-1,-1,-1,-1,-1,-1,-1,-1,-1,-1,-1,-1,-1,-1,-1,-1,-1,-1,-1,-1,-1,-1,-1,-1,-1,-1,-1,-1,-1,-1,-1,-1,-1,-1,-1,-1,-1,-1,-1,-1,-1,-1,-1,-1,-1,-1,-1,-1,-1,-1,-1,-1,-1,-1,-1,-1,-1,-1,-1,-1,-1,-1,-1,-1,-1,-1,2,2,-1,-1,-1,-1,-1,-1,-1,-1,-1,7
7,-1,-1,-1,-1,-1,-1,-1,-1,-1,-1,-1,-1,-1,-1,-1,-1,-1,-1,-1,-1,-1,-1,-1,-1,-1,-1,-1,-1,-1,-1,-1,-1,-1,-1,-1,-1,-1,-1,-1,-1,-1,-1,-1,-1,-1,-1,-1,-1,-1,-1,-1,-1,-1,-1,-1,-1,-1,-1,-1,-1,-1,-1,-1,-1,-1,-1,-1,-1,-1,-1,-1,-1,-1,-1,-1,-1,-1,-1,-1,-1,-1,-1,-1,-1,-1,-1,-1,-1,-1,-1,7
7,-1,-1,-1,-1,-1,-1,-1,-1,-1,-1,-1,-1,-1,-1,-1,-1,-1,-1,-1,-1,-1,-1,-1,-1,-1,-1,-1,-1,-1,-1,-1,-1,-1,-1,-1,-1,-1,-1,-1,-1,-1,-1,-1,-1,-1,-1,-1,-1,-1,-1,-1,-1,-1,-1,-1,-1,-1,-1,-1,-1,-1,-1,-1,-1,-1,-1,-1,-1,-1,-1,-1,-1,-1,-1,-1,-1,-1,-1,-1,-1,-1,-1,-1,-1,-1,-1,-1,-1,-1,-1,7
7,-1,-1,-1,-1,-1,-1,-1,-1,-1,-1,-1,-1,-1,-1,-1,-1,-1,-1,-1,-1,-1,-1,-1,-1,-1,-1,-1,-1,-1,-1,-1,-1,-1,-1,-1,-1,-1,-1,-1,-1,-1,-1,-1,-1,-1,-1,-1,-1,-1,-1,-1,-1,-1,-1,-1,-1,-1,-1,-1,-1,-1,-1,-1,-1,-1,-1,-1,-1,-1,-1,-1,-1,-1,-1,-1,-1,-1,-1,-1,-1,-1,-1,-1,-1,-1,-1,-1,-1,-1,-1,7
56,56,56,56,56,56,56,56,56,56,56,56,56,56,56,56,56,56,56,56,56,56,56,56,56,56,56,56,56,56,56,56,56,56,56,56,56,56,56,56,56,56,56,56,56,56,56,56,56,56,56,56,56,56,56,56,56,56,56,56,56,56,56,56,56,56,56,56,56,56,56,56,56,56,56,56,56,56,56,56,56,56,56,56,56,56,56,56,56,56,56,56
56,56,56,56,56,56,56,56,56,56,56,56,56,56,56,56,56,56,56,56,56,56,56,56,56,56,56,56,56,56,56,56,56,56,56,56,56,56,56,56,56,56,56,56,56,56,56,56,56,56,56,56,56,56,56,56,56,56,56,56,56,56,56,56,56,56,56,56,56,56,56,56,56,56,56,56,56,56,56,56,56,56,56,56,56,56,56,56,56,56,56,56
